 0.36958128411832958
 0.53257821466944855
 0.62423981583648058
 0.81107233494680364
 0.94093946101129378
 1.0463835974092608
 1.106692581320597
 1.0538897558819547
 1.0345008366532571
 0.94413611367338313
 0.93362071212304654
 0.96414531384258051
 1.0768842441355828
 1.1111978007421566
 1.1919517905145038
 1.151157675581443
 0.46150520155670627
 0.62464994335768809
 0.69727072364509857
 0.88000746228211268
 1.0080329510344244
 1.1362213148366571
 1.2159215033948083
 1.1629380886018503
 1.1577951978502399
 1.0930239840804186
 1.0830589812224716
 1.0994889578411331
 1.1773225646307002
 1.1941137456909594
 1.2911283354888123
 1.2392455893519472
 0.49422795211587295
 0.70239830458077024
 0.82234344123397207
 0.99219110996479676
 1.1057095163283193
 1.2288153296310977
 1.3204153853151241
 1.2802700442055561
 1.2713826755737196
 1.2042153956713486
 1.1950973600612951
 1.2153707127068272
 1.2944918705545518
 1.3097406628298445
 1.3951610264011416
 1.3425326226258596
 0.54474102651836154
 0.75804530124186975
 0.87440863407330083
 1.0765135869412783
 1.2224806477292802
 1.3651167217506801
 1.467170684099421
 1.4219801665866967
 1.4074908953038159
 1.3435366540259583
 1.3365120684337597
 1.358729209882394
 1.4432160274363712
 1.4435244159619871
 1.5113748801056608
 1.441415408817325
 0.62784594299224561
 0.84929048615353631
 0.96396620611292549
 1.1590024245249162
 1.3011710518635899
 1.4211165975520177
 1.5200776451224203
 1.5003380584310406
 1.5009822719047632
 1.4278626795499054
 1.4152686014827027
 1.4282916389459159
 1.5148183800557447
 1.5173310747499269
 1.5716880656171925
 1.5051515358663852
 0.64498320658073394
 0.90412240105059838
 1.0594849707931182
 1.2906066066217299
 1.4532984181265642
 1.5695466231968771
 1.6572817945927312
 1.6352345747701054
 1.6363710041219515
 1.5576652882356883
 1.5451501647131007
 1.564256958701979
 1.658952507743036
 1.6655371458341817
 1.7238741011469734
 1.6632511534268937
 0.64092347650955617
 0.89816926700665534
 1.052221920502532
 1.2814451306827555
 1.4519913098854924
 1.5916009587633848
 1.6996156165052791
 1.6944727621438043
 1.7059864616405445
 1.6319078374663016
 1.6172611105584496
 1.6279736074126536
 1.7080415006477727
 1.6953452615717675
 1.7330176124898593
 1.6527821200402979
 0.63888393760217566
 0.89517785397772431
 1.0485715298971305
 1.2768397424492925
 1.446618520655824
 1.5855778493295443
 1.6930848887353713
 1.6879113715290077
 1.6993804873171698
 1.6256372750352583
 1.611140895187658
 1.6219496326102274
 1.701902966861973
 1.6894637338301686
 1.7272456810112347
 1.6475226568394772
 0.585785138692138
 0.86217347748117001
 1.0201602577494135
 1.2606602565552685
 1.4381002219823384
 1.5556488159857442
 1.648882819049162
 1.6432121466026961
 1.6537249051841449
 1.6090869014690323
 1.6009988651747704
 1.6069764846357513
 1.6560625639603421
 1.6445869311516996
 1.6795509717194104
 1.6085445816204482
 0.58765516783422589
 0.86505459988860633
 1.0237117402326903
 1.2652072875717033
 1.4434413739678305
 1.5615582344752044
 1.6552430463994465
 1.6495997786423284
 1.6601534033004308
 1.6152936242279055
 1.6070805541769733
 1.6129448486693239
 1.662035757613687
 1.6503122293426893
 1.6851635219374814
 1.6136796132989459
 0.59137748640076082
 0.87078824740655059
 1.0307779966064623
 1.274252673788691
 1.4453314020560537
 1.5416212509742491
 1.6139391561912428
 1.5887272775273356
 1.5872409836349506
 1.5373080477590062
 1.5315601627306668
 1.5469842269426364
 1.6125507933652445
 1.6230025932646073
 1.6771233946248567
 1.6239009640396493
 0.57533415769953866
 0.82001532833762258
 0.93336075655735584
 1.1340175110729123
 1.2797722215825702
 1.3739857967080904
 1.4548794370856379
 1.4395512091071234
 1.4445981374331935
 1.3936949185068246
 1.3856707064507987
 1.3974625642969707
 1.4572666379144337
 1.4559548652865109
 1.506195757074364
 1.4521753098276406
 0.49783815737889797
 0.71716627332207006
 0.82948383836381079
 1.0398312908928586
 1.1895795274369121
 1.3050362080805289
 1.3887865228697076
 1.3657328294579676
 1.3621462430055857
 1.3012885406079628
 1.2941837025693288
 1.3144861781540238
 1.3950429307493049
 1.3916722581957299
 1.4319670987663227
 1.3744287155131574
 0.45066326562579345
 0.65171774459174903
 0.76769583267463348
 0.95094577404929947
 1.0746353439810015
 1.1786655786742675
 1.2552028547816423
 1.2357012736221116
 1.2364594957237194
 1.1766800256648227
 1.1685416730549238
 1.1851076661090525
 1.2607933315548299
 1.2692197651588804
 1.3214655762483787
 1.273550694122821
 0.42002832840101895
 0.57531676373367813
 0.64698578955019881
 0.85134314700538871
 0.9884896500141841
 1.0880318502395587
 1.1645533376373183
 1.1461483287096892
 1.1354703541870597
 1.0686575886437606
 1.0589861428289398
 1.0779709232881103
 1.1604209536219516
 1.1722677725630897
 1.2259288660213448
 1.1804765924634124
 0.33698648128939085
 0.49538523674173596
 0.59294344879620642
 0.79164526600649365
 0.92110299567749587
 1.0184118084135148
 1.0797713073524549
 1.0108710561515093
 0.98395224946012783
 0.91032927066057967
 0.90262108230844196
 0.93242176469792848
 1.0340937066667499
 1.0784788466366024
 1.1545050566062138
 1.1082486563936864


