0.03376140987233299
0.26219931448393102
0.56051802233683312
0.54318154856021328
0.34891476678945327
0.037670295745467583
0.33646070319639554
0.57075826442476263
0.76464374356337161
0.75230796577432757
0.50258240079542538
0.31304847830467469
0.59037399807141999
0.79642312554125216
1.0120766014227549
1.053443646725815
0.81631274478297722
0.53202714550378682
0.5088628049769236
0.82497918963351835
1.0607051539794141
1.0363804211399028
0.81984261217260024
0.5802530231299412
0.33599456457638038
0.57141802185190471
0.84788309712190157
0.76638637531119447
0.54364477966215941
0.34508064816011641
0.013088792083782403
0.33531939365790525
0.51199178689748015
0.54325386385687935
0.31653651968547797
0.036363525217940333


